23

14
11
26
22
1
2
12
10
27
3
21
5
6
13
9
24
7
17
4
8
23
16
18

18
18
18
18
18
18
18
18
18
18
18
18
18
18
18
18
18
18
18
18
18
18
18


-67.5    49.5     0
-49.5    49.5    0
-49.5    67.5    0
-67.5    67.5    0
-22.5    49.5    0
-4.5    49.5    0
-4.5    67.5    0
-22.5    67.5    0
-45    27    0
-27    27    0
-27    45    0
-45    45    0
-67.5    4.5    0
-49.5    4.5    0
-49.5    22.5    0
-67.5    22.5    0
-22.5    4.5    0
-4.5    4.5    0
-4.5    22.5    0
-22.5    22.5    0
-67.5    -22.5    0
-49.5    -22.5    0
-49.5    -4.5    0
-67.5    -4.5    0
-45    -22.5    0
-27    -22.5    0
-27    -4.5    0
-45    -4.5    0
-22.5    -45    0
-4.5    -45    0
-4.5    -27    0
-22.5    -27    0
-67.5    -45    0
-49.5    -45    0
-49.5    -27    0
-67.5    -27    0
-67.5    -67.5    0
-49.5    -67.5    0
-49.5    -49.5    0
-67.5    -49.5    0
-22.5    -67.5    0
-4.5    -67.5    0
-4.5    -49.5    0
-22.5    -49.5    0
4.5    49.5    0
22.5    49.5    0
22.5    67.5    0
4.5    67.5    0
49.5    49.5    0
67.5    49.5    0
67.5    67.5    0
49.5    67.5    0
4.5    27    0
22.5    27    0
22.5    45    0
4.5    45    0
27    27    0
45    27    0
45    45    0
27    45    0
27    4.5    0
45    4.5    0
45    22.5    0
27    22.5    0
49.5    4.5    0
67.5    4.5    0
67.5    22.5    0
49.5    22.5    0
4.5    -22.5    0
22.5    -22.5    0
22.5    -4.5    0
4.5    -4.5    0
49.5    -22.5    0
67.5    -22.5    0
67.5    -4.5    0
49.5    -4.5    0
4.5    -45    0
22.5    -45    0
22.5    -27    0
4.5    -27    0
27    -45    0
45    -45    0
45    -27    0
27    -27    0
4.5    -67.5    0
22.5    -67.5    0
22.5    -49.5    0
4.5    -49.5    0
67.5    -49.5    0
49.5    -49.5    0
49.5    -67.5    0
67.5    -67.5    0